10000 1500
109 115
98 107
60 139
10 136
47 143
122 128
3 167
28 163
33 115
183 196
70 103
135 159
35 146
17 168
85 125
102 197
74 194
137 179
105 177
169 183
85 119
74 112
108 149
126 155
105 110
136 150
148 159
96 193
130 171
44 177
114 188
29 178
47 185
71 136
98 140
39 159
59 175
34 150
8 100
117 131
122 143
54 154
118 141
45 147
142 187
67 113
32 146
60 111
48 130
85 139
107 160
53 150
76 174
57 146
135 159
51 145
47 140
109 164
99 193
23 143
126 148
61 171
43 152
97 117
13 179
179 195
96 198
103 131
30 116
19 123
23 103
147 168
50 139
23 130
56 141
28 162
36 101
45 166
43 137
34 114
2 164
22 152
103 153
39 176
89 169
55 136
12 135
13 115
129 173
110 140
39 101
68 103
142 176
84 144
87 119
58 160
102 111
25 112
1 114
1 169
176 177
43 170
38 187
46 194
73 154
76 153
183 198
81 123
71 191
112 165
77 183
27 188
116 150
163 168
174 190
75 125
121 155
117 171
76 149
7 128
141 143
31 177
161 167
9 162
180 181
89 101
104 146
158 167
136 142
118 158
60 174
88 121
75 186
39 142
55 100
131 145
123 141
11 170
35 157
108 168
65 135
30 111
47 142
88 127
20 122
112 132
89 108
177 188
38 154
103 187
105 176
144 170
92 198
48 182
82 102
52 130
24 125
92 165
150 183
36 103
4 125
115 152
24 102
71 155
83 106
144 184
138 144
81 114
40 188
3 191
64 130
74 128
86 183
73 135
23 102
64 185
30 110
45 101
145 180
5 123
6 199
128 162
7 162
55 117
34 156
125 179
46 170
23 121
86 158
145 159
124 191
68 176
122 190
18 144
173 195
86 121
63 102
83 160
2 196
45 160
28 108
145 199
128 168
154 169
84 199
83 148
0 129
30 103
139 142
10 112
84 162
151 158
3 119
82 171
18 122
55 181
70 164
36 117
31 108
169 177
89 117
86 170
130 154
138 198
98 169
97 150
123 166
31 190
10 125
72 141
6 101
22 163
176 190
108 116
93 125
131 183
85 168
28 159
65 165
21 114
25 173
128 148
25 112
30 117
46 106
46 196
169 192
130 186
57 134
52 132
88 100
158 161
176 177
116 184
16 178
17 143
128 197
31 141
92 192
8 167
32 130
82 108
6 164
34 149
29 133
150 162
87 149
108 141
94 161
60 117
16 101
4 148
64 173
24 125
41 124
95 135
34 154
33 200
23 104
169 196
85 122
193 196
116 121
9 174
43 161
96 127
123 150
177 196
26 118
176 200
70 143
15 144
52 189
103 154
10 176
0 138
87 119
83 164
84 161
103 141
50 123
123 173
154 160
32 184
74 110
127 140
97 159
113 136
61 193
58 189
67 130
28 186
26 147
13 130
16 113
104 158
20 138
55 122
100 124
89 156
138 175
100 157
9 140
53 103
86 184
78 110
131 156
112 176
60 196
99 172
34 127
85 106
88 188
31 103
81 177
36 185
90 154
86 145
81 130
6 166
98 121
102 198
80 135
9 104
148 149
146 177
98 195
102 132
89 192
5 180
151 196
70 137
6 128
111 165
88 110
61 112
9 168
179 197
63 106
147 165
78 162
13 153
78 129
69 113
66 117
129 160
145 174
52 151
113 169
31 141
102 116
56 153
84 126
44 140
111 169
88 107
75 130
74 127
92 113
84 148
28 126
62 168
20 168
1 120
135 159
39 189
159 188
14 145
76 149
40 160
42 193
133 154
105 142
94 185
128 180
75 116
74 195
33 107
93 121
81 150
30 104
72 168
125 135
83 122
157 195
58 109
44 174
70 163
18 126
61 139
1 135
69 103
47 123
117 154
164 182
63 104
95 147
76 122
96 151
162 166
109 128
29 113
78 154
65 112
10 147
59 102
16 109
166 186
5 122
73 155
71 126
43 148
2 107
91 186
104 168
32 143
39 152
23 141
162 193
9 136
23 199
119 186
71 122
180 186
104 128
0 132
89 199
38 178
6 117
92 134
30 117
16 163
82 200
37 157
149 167
36 106
134 170
83 140
52 103
27 150
92 159
19 114
110 112
80 187
35 162
9 112
38 151
118 124
36 152
128 172
5 158
71 182
81 121
7 155
76 199
70 100
15 194
57 136
49 108
50 182
64 102
7 134
53 120
157 183
72 144
160 164
131 168
96 156
162 196
120 166
48 132
95 115
35 133
36 115
37 160
65 172
88 115
23 122
106 153
32 144
44 136
23 179
60 183
46 107
31 128
80 116
35 147
52 200
137 180
42 156
35 165
78 169
7 106
99 131
101 122
45 145
84 142
54 154
35 106
133 191
10 144
38 135
7 144
23 130
92 102
45 177
24 171
43 196
56 172
132 167
121 178
6 197
27 180
152 191
53 137
108 120
71 176
78 133
121 159
94 125
100 115
16 139
44 143
10 146
29 182
156 189
64 110
1 166
125 151
160 194
119 148
40 130
8 100
19 109
56 176
31 118
7 180
83 138
12 185
149 177
63 132
65 120
76 164
109 172
129 153
85 180
38 149
8 134
41 108
101 115
82 111
55 119
45 183
92 149
84 196
40 119
68 114
110 164
77 194
92 152
39 136
77 191
59 110
139 153
79 143
190 196
101 163
184 188
81 109
90 183
4 163
26 164
48 135
8 157
39 100
33 191
43 130
57 115
31 103
8 107
106 112
44 186
39 137
91 156
58 159
82 119
12 188
1 154
98 181
11 109
176 181
75 104
22 195
155 175
8 181
28 124
114 183
105 115
94 101
82 194
21 111
43 155
66 197
5 129
3 156
114 176
95 112
112 190
115 129
2 148
142 193
1 195
30 156
95 176
30 152
80 130
100 187
11 163
127 139
87 100
31 114
40 136
57 160
121 139
38 106
101 173
56 176
118 119
94 144
12 190
110 138
28 149
56 108
19 129
56 131
16 186
34 122
55 125
68 157
68 146
140 168
39 108
51 126
55 101
168 194
114 144
75 103
47 140
132 166
69 175
25 112
75 105
69 118
115 127
75 195
16 198
66 175
79 112
37 136
108 167
41 129
91 127
52 151
34 115
163 182
80 113
16 124
24 133
164 166
12 185
15 195
31 186
51 127
3 108
25 173
182 191
122 128
147 158
9 119
91 163
7 138
58 130
48 163
43 153
80 110
85 115
151 186
105 154
90 126
46 109
82 169
6 188
25 105
168 195
29 157
82 126
65 186
72 134
3 192
3 157
107 191
123 167
121 135
137 147
42 117
67 158
8 149
68 148
34 197
73 127
56 139
59 116
65 132
104 128
0 119
59 195
59 188
132 152
52 149
101 109
54 168
6 155
155 199
172 190
71 121
91 186
82 177
14 191
132 155
70 118
46 148
112 189
41 136
99 119
85 191
118 142
0 162
23 147
81 108
77 173
85 177
13 167
49 110
66 120
121 163
8 176
74 114
137 173
60 122
18 169
32 166
51 117
0 136
110 156
110 187
33 119
1 180
153 175
73 190
2 174
40 135
12 104
35 100
16 127
188 199
95 108
38 106
27 176
18 181
55 148
126 187
20 164
47 164
105 117
16 106
16 108
56 125
26 157
72 178
23 103
74 105
95 155
1 140
140 193
72 171
57 167
77 169
20 112
3 138
8 138
32 148
135 146
7 134
7 134
1 107
168 180
28 145
66 102
128 129
34 152
27 118
79 113
60 173
183 194
114 159
88 189
20 101
69 135
133 146
109 156
11 121
84 142
106 165
50 141
96 164
148 154
37 151
71 119
68 125
96 193
141 163
70 123
83 150
83 149
72 141
113 148
108 121
160 163
114 153
70 144
104 123
95 108
2 151
38 131
144 165
132 138
77 189
40 133
3 110
9 144
19 163
48 112
4 118
140 159
20 124
38 132
121 196
17 184
35 184
119 168
28 163
58 172
23 113
58 116
131 140
131 191
143 165
48 130
90 199
9 132
97 169
90 146
36 154
114 144
87 129
4 169
114 162
91 105
84 154
165 170
66 179
68 123
45 120
84 130
123 163
67 183
26 134
36 196
67 139
75 116
19 120
112 134
70 109
60 164
142 146
38 166
22 195
39 133
80 129
73 147
86 156
131 199
146 166
2 146
74 155
120 135
79 164
105 178
34 109
84 182
84 126
85 106
93 101
21 118
55 133
41 182
54 103
167 192
119 151
59 185
14 175
55 121
65 164
54 174
31 142
109 140
54 116
82 100
58 140
30 168
111 196
10 117
116 136
76 139
5 121
168 191
54 125
125 143
0 193
63 156
105 128
133 143
82 181
115 186
50 103
73 110
145 174
32 170
71 126
150 179
94 185
13 114
29 116
58 171
87 169
52 134
137 161
87 190
91 129
128 136
23 191
56 123
38 178
11 130
16 144
111 200
22 125
102 136
182 183
40 152
75 110
123 138
101 119
111 186
80 146
150 153
36 137
23 178
54 141
121 173
2 159
43 156
50 127
53 126
138 199
107 140
79 100
78 105
58 112
159 189
175 198
23 172
86 111
45 117
44 114
80 194
136 192
115 118
72 139
97 150
142 178
97 123
112 189
62 138
9 142
7 119
140 147
36 118
46 180
59 190
78 138
78 200
61 179
128 138
81 117
29 183
20 181
85 160
39 148
30 129
77 165
29 150
33 104
105 117
9 145
6 189
112 135
62 145
36 193
82 149
120 187
121 129
20 166
120 151
17 156
106 124
46 130
94 149
129 145
84 146
47 151
15 151
88 157
56 114
3 168
55 125
64 115
83 187
66 117
178 196
54 169
18 129
115 191
102 105
77 109
68 176
94 123
126 129
44 109
38 145
61 119
72 168
21 132
117 183
60 129
58 135
5 196
110 178
10 193
33 115
59 195
18 163
99 120
156 179
5 102
9 105
30 166
110 145
51 191
41 122
27 148
91 189
46 119
129 142
122 128
31 106
61 101
123 183
42 107
62 162
24 171
26 138
176 181
68 141
72 185
141 171
139 176
14 114
37 185
34 149
129 144
19 131
84 133
34 195
62 115
165 167
62 132
63 165
167 177
73 180
48 143
122 156
61 178
57 185
104 179
30 163
38 139
88 124
110 150
10 138
97 120
68 168
70 111
118 160
25 127
55 156
31 130
68 167
17 106
81 195
56 170
55 105
68 122
73 135
145 186
52 131
36 177
70 109
112 161
12 104
45 107
41 122
15 172
193 200
124 159
47 153
108 135
111 154
11 157
95 196
149 176
47 134
151 168
34 166
103 122
93 155
84 185
39 101
88 115
71 113
50 128
55 166
5 154
63 199
39 166
50 146
106 144
100 112
143 144
108 149
87 117
135 155
156 157
55 128
120 186
114 191
47 151
37 138
92 121
144 149
4 161
57 145
86 116
0 100
116 186
116 131
52 176
53 164
82 138
123 182
57 200
12 138
101 111
3 108
96 162
152 199
70 121
99 167
41 150
97 101
58 104
115 118
75 130
76 192
77 100
128 150
85 151
13 170
34 149
38 193
32 189
11 173
51 109
14 181
79 152
9 146
3 116
2 129
5 110
97 119
28 116
89 149
132 154
159 189
76 147
187 199
120 138
59 141
111 199
79 186
58 189
149 161
45 154
73 137
161 174
60 125
113 136
11 138
107 119
71 117
92 167
88 145
1 154
34 199
58 132
180 195
50 150
17 161
48 104
30 142
124 168
54 161
32 194
79 164
36 127
70 167
185 191
86 196
10 100
19 117
77 164
155 169
121 132
101 113
31 165
104 138
20 198
16 108
93 182
42 128
119 159
87 113
103 110
116 118
39 128
143 146
8 140
106 180
35 109
56 137
61 119
100 188
8 123
108 139
53 120
83 149
93 100
50 183
104 132
167 198
4 182
10 167
35 112
150 176
57 137
92 125
76 167
174 181
116 159
125 171
54 168
66 189
44 134
105 116
77 148
144 178
4 113
40 162
127 171
122 146
18 156
126 185
90 137
22 101
119 143
68 114
69 114
104 198
101 133
182 200
9 196
86 181
64 173
46 115
48 141
143 199
44 110
63 188
166 191
52 190
36 137
35 185
41 126
88 196
87 183
30 179
69 161
42 168
38 175
50 130
65 188
50 154
86 132
13 176
48 178
47 168
161 198
2 146
54 138
42 174
97 166
15 109
51 156
1 200
41 111
126 195
78 106
131 166
132 162
18 151
149 173
87 159
50 109
122 144
0 160
58 127
16 115
89 116
9 172
68 144
118 166
53 137
151 168
82 147
94 182
29 140
104 108
130 150
124 131
25 177
114 137
160 178
22 154
81 162
77 153
94 149
57 175
41 115
70 186
192 199
81 179
132 190
35 148
148 170
81 123
82 114
64 183
17 157
11 142
76 193
14 107
96 195
108 137
129 168
18 152
74 135
9 154
34 159
79 160
107 178
126 132
118 135
13 106
15 192
104 185
51 118
42 130
34 112
33 121
159 180
127 145
91 191
130 196
81 186
3 166
38 176
12 153
35 132
7 109
132 198
34 193
73 178
102 106
37 118
116 122
53 180
75 151
20 177
16 169
14 111
64 147
100 190
33 115
39 138
78 109
99 126
53 193
130 135
47 161
95 140
48 161
52 141
58 149
6 155
32 126
12 109
69 138
144 176
133 151
32 130
154 172
109 142
156 183
29 124
125 143
101 198
106 193
145 160
79 181
57 112
112 176
9 116
5 137
56 169
152 175
126 143
49 126
70 155
142 164
162 167
34 105
19 144
131 153
95 191
61 120
56 122
42 107
25 188
2 171
102 146
6 126
1 162
12 166
8 194
64 191
149 198
42 108
178 194
114 190
70 139
77 118
100 164
94 166
71 133
138 149
111 173
120 152
10 165
108 193
154 178
31 132
190 198
79 122
125 134
52 124
111 136
23 158
116 127
88 120
126 135
74 162
86 164
130 146
99 174
91 148
60 122
60 112
58 172
27 120
67 104
4 136
97 138
113 180
45 156
69 115
125 185
155 179
108 188
48 101
136 184
58 194
33 199
19 134
33 130
71 137
121 123
36 147
2 110
36 152
122 164
39 186
45 169
54 183
138 157
81 192
76 109
27 133
135 149
29 145
3 114
51 121
12 174
73 115
50 100
92 103
83 121
68 114
33 137
48 142
135 200
60 182
55 139
113 191
92 108
32 155
107 131
26 109
55 180
93 112
188 197
39 116
163 195
107 194
5 124
94 189
100 141
97 115
5 172
65 171
5 143
15 129
64 128
74 140
13 167
49 200
96 146
33 105
71 178
76 124
96 146
51 121
8 137
38 200
43 192
14 164
5 153
145 199
88 106
55 183
45 122
15 189
60 184
47 154
20 176
22 156
14 126
23 192
110 122
150 183
23 172
6 199
94 165
63 149
2 118
128 139
146 164
84 108
139 160
78 110
73 191
63 127
56 188
63 120
28 166
129 150
115 134
58 152
28 124
30 120
17 162
5 165
13 149
2 111
67 147
87 173
108 122
69 118
45 147
113 150
52 152
153 169
145 177
163 200
58 110
35 159
125 156
65 191
111 118
59 128
100 101
62 130
136 189
5 200
78 177
20 165
53 101
75 182
130 198
140 151
70 113
5 145
50 193
9 133
85 118
159 160
69 119
15 200
90 191
89 161
159 161
1 121
53 108
67 157
118 176
46 168
136 167
4 102
98 158
0 176
129 131
1 150
91 167
33 141
53 146
20 141
133 159
5 107
104 194
6 151
69 119
9 166
127 152
143 184
73 199
60 165
176 196
11 161
49 150
159 183
91 116
5 195
1 192
41 175
50 105
12 191
96 108
2 126
111 113
46 148
142 165
43 112
107 161
80 169
17 150
7 146
88 185
58 135
96 177
108 173
52 196
38 137
121 131
85 195
39 152
128 167
99 121
130 152
115 183
182 186
143 199
44 152
68 183
118 179
86 145
33 123
5 122
2 177
66 151
85 198
144 191
3 129
36 177
34 165
73 153
66 143
105 193
109 200
18 105
167 196
89 174
21 156
20 188
35 148
133 172
146 164
106 127
118 178
82 177
70 154
135 147
62 169
95 142
161 176
58 112
119 131
75 140
11 121
81 198
2 130
109 126
32 143
106 152
151 169
51 181
92 160
82 126
106 180
8 160
135 158
54 175
111 172
29 150
110 139
21 133
36 114
123 131
118 193
25 150
105 106
137 141
0 130
120 170
42 186
5 117
29 168
105 116
78 101
119 196
84 113
62 140
118 124
131 172
129 189
115 146
41 127
79 163
9 117
30 186
106 134
37 108
97 153
3 133
35 116
24 112
20 115
145 190
100 185
93 112
96 183
90 123
52 128
13 132
57 174
45 123
145 160
62 147
1 124
78 101
90 127
47 140
2 111
51 171
36 115
117 136
113 174
113 124
100 146
53 191
134 140
80 130
25 152
27 174
54 188
58 103
104 109
66 147
30 152
66 144
40 133
116 120
59 198
2 154
23 142
91 150
23 127
4 107
6 154
112 127
40 122
52 139
147 189
32 118
129 133
119 158
88 116
84 196
149 161
38 136
145 147
99 113
23 131
33 147
80 153
116 192
106 132
0 186
24 101
28 187
116 129
38 173
40 138
12 113
179 200
11 139
115 168
1 139
6 166
14 169
89 160
25 110
20 103
119 153
23 153
59 149
137 193
119 136
30 133
195 200
157 172
10 153
73 127
89 150
100 104
66 200
143 187
101 173
77 101
46 109
164 193
1 167
62 158
130 165
53 138
96 109
89 184
166 196
47 134
37 176
150 167
135 191
138 177
19 139
80 116
38 107
37 145
72 113
42 119
59 190
53 123
69 106
113 179
7 183
52 176
127 146
42 183
97 143
51 168
126 134
29 166
103 147
124 196
71 109
16 200
123 163
197 198
44 179
3 196
66 157
167 189
121 152
125 137
76 134
91 111
140 145
39 193
19 174
96 171
62 169
74 104
29 162
14 181
129 141
78 188
27 107
33 144
42 116
38 121
123 126
136 147
98 160
34 114
55 115
7 193
186 200
75 200
1 200
55 144
93 174
136 147
71 187
82 140
57 144
46 102
23 171
89 112
26 101
21 101
96 107
90 107
98 183
33 200
37 117
113 181
22 186
115 151
70 150
11 187
22 142
38 128
38 192
38 133
82 182
96 145
35 141
123 149
56 109
74 122
40 162
95 183
126 176
47 120
30 198
33 154
102 147
53 153
158 175
122 153
88 171
86 143
124 163
8 110
37 127
77 113
3 135
74 112
155 186
124 166
28 129
35 116
34 167
36 135
74 161
4 175
121 125
24 150
108 149
31 188
18 101
69 141
26 106
51 119
15 128
106 135
26 107
23 169
81 125
127 149
147 177
151 177
71 105
107 151
66 115
8 155
50 102
101 195
94 155
91 107
4 123
168 200
102 104
17 122
63 182
37 169
61 148
74 171
13 173
16 120
131 134
47 156
170 200
149 183
77 141
13 123
76 147
50 130
97 148
24 183
162 163
18 112
98 137
5 137
165 183
19 106
97 169
99 190
53 111
15 109
54 151
120 124
85 104
69 144
16 154
0 111
68 166
111 138
36 167
62 135
57 159
87 111
30 105
31 112
7 103
77 106
165 193
41 169
77 165
50 115
34 199
91 189
9 169
171 184
109 111
35 122
29 191
137 156
15 154
85 129
117 134
63 180
91 133
19 122
153 154
76 188
7 100
66 175
79 189
136 186
178 193
46 187
109 116
15 102
109 113
69 111
56 185
12 192
47 199
48 111
156 187
69 144
25 149
64 134
47 106
133 136
167 182
21 146
83 135
3 103
17 119
113 128
74 148
103 106
47 101
146 168
77 184
0 120
23 105
135 183
62 172
5 164
155 182
26 135
52 124
35 176
29 102
106 141
132 147
8 174
25 133
16 150
108 160
43 106
15 183
122 147
32 115
54 110
96 170
100 123
100 122
6 157
5 148
43 117
23 160
67 122
93 128
109 123
55 101
12 123
25 176
7 168
161 170
29 168
14 190
55 119
135 165
40 161
60 123
69 192
51 173
175 181
90 112
14 183
44 108
23 120
64 121
101 115
16 127
126 177
111 179
19 107
9 175
93 190
61 169
79 198
134 139
135 172
156 167
72 167
43 134
40 186
65 148
72 130
12 182
34 124
74 104
5 140
110 196
62 164
92 103
51 138
93 130
111 178
94 100
89 120
74 186
27 109
134 193
145 189
82 101
151 159
35 165
56 121
106 164
58 146
32 150
33 194
116 128
160 176
92 148
95 137
93 184
35 119
63 106
50 141
103 119
49 113
71 145
170 188
70 153
122 158
30 110
65 133
62 177
45 135
128 136
36 127
60 192
16 111
38 122
0 175
79 125
79 143
32 159
27 142
145 182
168 185
52 197
115 167
89 170
41 162
62 140
107 166
85 200
40 153
44 148
87 137
0 135
32 105
100 151
186 187
80 103
84 135
70 107
120 170
107 111
11 141
89 186
59 119
12 112
101 107
120 123
135 165
63 168
56 184
22 120
128 145
101 117
135 164
32 130
171 178
115 193
144 182
21 161
85 104
69 120
19 132
29 129
87 200
118 134
109 129
115 129
67 108
58 138
49 111
19 192
0 120
99 160
44 196
19 187
127 182
73 151
34 106
32 169
11 176
185 193
97 100
24 177
17 112
77 182
159 173
125 197
36 156
55 122
88 120
104 187
16 110
93 163
170 194
122 132
112 165
28 190
8 165
73 154
12 134
93 170
88 191
125 142
40 189
96 183
101 172
124 152
95 153
29 152
51 198
30 161
45 155
54 200
114 164
24 193
150 189
85 198
96 164
36 134
165 178
50 118
90 134
70 182
18 192
29 177
145 188
55 102
30 125
110 144
84 195
86 169
60 112
2 111
133 194
92 138
89 129
54 173
165 189
144 166
160 200
46 148
11 188
76 161
79 181
64 186
53 140
3 197
87 174
1 113
1 137
31 130
48 116
55 105
116 176
62 195
28 102
45 153
44 167
164 170
144 189
132 197
94 105
91 175
2 145
91 120
156 168
8 154
83 184
75 181
82 196
39 100
33 108
32 166
66 159
4 136
131 178
42 134
92 166
55 196
148 164
89 173
3 149
9 173
4 174
34 122
23 180
30 166
14 142
144 163
52 152
79 162
143 163
10 160
77 128
97 171
111 157
129 133
19 133
12 100
43 113
191 198
106 124
120 127
91 146
69 161
44 101
107 141
98 137
54 131
80 173
56 153
94 190
62 176
2 121
112 190
53 145
130 171
17 107
86 174
92 174
97 152
37 185
30 108
133 194
77 101
174 197
38 101
66 101
54 155
67 110
3 198
118 159
41 193
55 192
61 154
2 102
92 103
90 115
35 117
1 144
79 167
13 112
44 122
43 146
20 170
169 198
88 182
73 135
64 115
69 181
10 164
31 126
103 153
66 129
72 143
65 101
121 179
33 189
47 111
20 112
87 111
31 180
42 135
34 117
39 151
31 165
110 120
78 168
51 162
5 158
10 152
42 121
127 137
37 166
75 105
153 179
145 163
101 166
66 116
68 170
19 150
2 111
52 108
98 141
34 103
43 181
30 156
74 143
88 195
105 181
141 173
138 190
93 157
73 130
14 194
46 120
190 194
116 120
104 115
74 129
28 109
119 134
117 133
43 170
104 128
74 114
101 105
85 194
114 155
24 169
88 176
166 167
108 110
50 185
95 115
22 120
28 112
48 122
130 175
15 191
31 156
103 170
40 195
52 106
101 174
97 134
175 192
75 128
24 197
109 120
55 124
77 120
36 122
143 192
44 191
40 158
26 132
61 138
14 166
60 131
99 141
51 139
72 197
153 162
77 162
103 135
175 180
76 188
38 120
151 175
111 140
82 142
12 144
40 172
98 131
102 142
96 166
25 109
4 120
0 122
88 193
43 159
23 162
44 179
106 167
60 161
188 198
120 124
113 120
91 101
136 140
94 125
56 165
75 130
62 140
112 127
35 127
126 186
24 102
1 124
34 151
96 106
7 100
42 188
5 150
105 134
30 143
61 109
53 175
75 115
86 173
59 188
66 180
1 184
25 101
43 108
151 152
64 167
112 167
83 101
134 138
4 130
96 185
89 126
97 192
40 168
22 148
167 186
44 121
69 105
12 194
105 109
61 123
46 102
113 135
35 104
42 104
82 149
112 185
48 196
152 153
0 129
97 134
67 184
76 169
112 131
54 130
134 185
19 101
82 117
55 132
110 182
58 195
4 188
172 174
61 107
98 187
41 126
117 157
26 142
72 133
91 127
172 177
114 144
137 153
171 190
66 170
17 174
26 159
56 182
90 188
163 183
31 169
125 126
124 156
54 110
46 106
42 162
149 155
39 104
89 147
24 170
160 196
156 185
111 143
64 165
7 146
96 178
49 109
91 170
53 178
111 183
128 143
34 129
7 103
5 101
66 183
135 152
88 114
91 116
145 195
20 197
56 127
2 100
25 193
92 140
11 165
8 168
171 181
60 108
81 111
111 172
65 124
38 133
127 193
128 137
17 156
75 105
105 131
108 166
159 166
32 176
107 158
155 190
10 154
42 131
48 115
90 140
93 126
55 145
109 129
28 137
35 127
146 177
163 192
69 128
46 119
47 121
109 120
25 132
65 150
30 106
28 154
10 200
115 187
69 148
8 154
164 165
9 148
104 150
84 120
77 186
36 155
65 156
4 142
41 187
62 121
34 194
63 167
77 135
88 125
148 193
77 112
91 141
69 166
16 162
69 132
53 137
105 173
173 189
103 104
89 169
3 139
17 109
27 109
13 175
159 174
5 178
76 123
81 151
68 140
59 104
95 138
158 171
89 109
34 137
59 120
87 111
111 176
13 200
1 109
121 142
1 138
4 146
100 181
78 190
91 194
8 185
13 144
98 136
10 106
27 167
75 100
35 159
56 153
30 115
54 189
22 115
12 114
154 169
111 134
73 112
150 166
82 108
150 194
83 119
34 121
28 159
156 169
49 137
135 164
158 199
2 134
104 179
104 110
38 140
100 111
132 139
34 181
98 161
119 174
36 101
98 199
26 122
23 130
32 160
54 117
122 162
61 123
15 184
57 183
123 127
13 114
116 137
108 150
156 182
84 143
68 185
125 164
51 175
8 153
98 133
168 190
122 144
33 196
11 101
91 189
8 196
44 136
2 180
148 155
87 171
26 113
20 101
82 132
160 180
75 147
128 182
78 110
26 199
30 128
67 123
25 178
114 158
31 108
32 119
7 167
121 146
23 119
87 130
13 107
38 133
45 147
63 165
62 172
84 153
52 143
42 109
47 100
16 126
113 169
33 118
163 187
92 105
153 154
117 149
84 171
35 149
15 128
61 103
67 121
85 104
59 115
26 161
10 129
84 163
93 199
80 174
72 168
133 184
4 111
10 108
125 187
52 194
124 156
76 109
140 166
65 189
16 101
71 102
130 189
166 195
9 111
66 108
64 147
145 163
0 171
169 172
96 128
48 121
54 114
182 194
30 200
90 107
4 113
79 157
94 200
64 194
38 113
108 189
88 154
131 181
13 146
50 134
94 164
40 191
133 187
48 138
20 109
94 142
55 108
81 199
41 104
187 196
15 104
109 179
50 116
55 173
82 122
38 116
118 189
78 142
73 186
60 142
163 165
145 153
14 128
21 124
9 136
40 102
83 131
59 122
36 158
27 135
58 149
41 172
0 153
121 133
47 146
27 142
107 125
72 130
78 149
61 180
71 163
2 137
106 181
75 113
42 117
32 117
15 119
21 199
73 130
84 131
23 120
84 104
11 165
25 103
29 179
18 164
49 121
12 143
31 108
98 177
37 166
143 144
142 176
86 197
159 195
15 158
86 105
97 145
68 181
79 160
21 144
107 158
64 117
56 169
71 127
92 200
99 140
131 168
22 138
12 130
5 161
20 168
146 149
95 175
139 178
96 197
154 177
116 163
48 180
24 102
148 159
49 141
108 111
17 140
64 191
154 171
113 132
50 104
0 110
92 164
36 180
60 177
78 167
44 135
97 161
44 113
85 100
114 152
150 164
83 121
136 145
49 184
126 188
102 161
101 135
114 188
120 184
18 156
144 177
140 186
20 175
190 191
7 102
55 180
129 153
39 115
66 181
18 113
103 136
47 186
106 158
20 178
95 101
28 176
61 153
175 189
88 125
154 180
2 126
24 151
53 130
82 192
54 191
3 196
49 109
30 120
91 111
53 140
126 147
178 200
56 107
82 118
122 133
63 119
24 166
102 134
4 149
68 114
42 190
84 162
57 195
33 152
107 131
7 112
133 176
22 106
97 158
60 184
95 127
41 108
6 136
107 146
19 178
41 191
45 112
115 128
125 133
124 139
105 174
12 136
12 143
118 171
60 169
105 142
38 193
12 140
45 176
38 115
100 185
95 179
69 138
81 193
16 126
90 107
17 189
59 182
127 175
121 198
73 121
95 101
65 117
77 103
84 122
92 146
149 171
111 172
20 190
58 143
139 147
133 186
9 138
62 166
49 121
90 198
136 152
119 132
22 140
47 177
37 176
134 168
68 200
87 151
81 180
33 167
111 116
13 156
23 180
99 158
67 168
154 174
13 147
14 105
33 146
33 162
12 151
37 169
82 148
119 197
65 120
20 184
24 192
56 102
84 150
64 101
78 183
107 200
90 148
78 178
85 145
50 178
155 171
28 138
100 159
41 135
110 143
6 136
178 183
170 173
27 189
52 101
69 131
51 138
15 175
35 159
116 191
33 123
14 134
113 120
104 135
13 127
90 128
168 173
21 114
73 177
122 158
59 154
27 189
87 133
6 122
151 165
64 149
20 166
111 131
85 121
71 171
97 152
110 130
9 199
10 123
97 128
9 135
39 110
162 188
61 135
147 148
27 128
1 144
45 142
179 197
122 124
29 173
45 107
95 124
20 168
15 156
110 128
89 139
89 187
13 197
78 125
115 133
32 114
58 148
53 141
69 115
7 119
29 105
108 120
75 142
20 157
94 106
177 182
37 126
66 200
149 167
74 149
56 100
71 196
125 190
123 130
78 196
81 116
32 120
81 173
77 131
61 145
114 124
117 195
69 154
77 124
29 181
73 154
49 130
10 144
88 130
51 144
43 159
139 165
73 125
128 159
100 133
115 132
169 197
71 148
62 146
110 137
89 192
75 119
35 110
82 174
50 136
32 140
18 137
1 129
116 163
44 148
52 127
104 109
53 160
84 168
113 128
44 185
89 181
114 171
86 121
86 196
131 142
79 147
30 114
116 167
119 194
6 150
52 117
189 196
79 192
43 114
93 196
62 171
8 157
93 152
33 138
126 133
8 114
15 123
117 148
150 198
69 194
26 108
54 153
28 124
14 199
8 131
48 187
8 167
93 113
13 139
68 148
79 110
15 177
76 132
31 192
40 180
75 118
106 192
90 134
23 167
90 178
53 157
8 154
113 180
38 165
36 123
10 155
101 106
100 127
82 168
56 140
39 198
83 116
64 198
146 174
50 136
143 151
83 146
91 114
89 101
59 167
72 129
94 114
162 174
52 125
30 196
95 176
59 137
8 143
91 178
89 112
37 166
38 100
142 166
35 146
80 156
76 155
74 171
6 138
163 194
59 196
39 137
20 132
21 133
55 164
46 163
59 200
42 127
36 112
82 102
103 149
102 190
144 163
52 108
106 199
11 104
41 112
71 114
107 123
12 136
99 143
35 138
114 150
157 161
103 181
66 126
13 115
47 168
62 126
35 113
40 119
113 153
22 125
177 194
155 200
38 190
51 127
79 127
124 169
68 119
54 131
140 158
120 121
49 103
111 169
51 193
71 143
8 188
197 199
162 164
13 197
86 153
112 129
98 196
38 158
68 105
110 167
127 145
102 139
64 127
20 142
144 163
52 188
55 152
65 168
102 114
78 110
77 109
146 155
121 149
27 183
67 108
45 131
19 106
142 162
53 104
17 106
71 114
115 178
139 179
31 134
89 170
72 103
3 113
74 166
150 193
103 162
123 128
16 130
85 124
118 158
4 171
35 106
180 190
122 193
5 147
68 109
32 172
107 127
48 125
129 161
48 163
123 139
132 157
39 133
89 101
77 163
113 130
120 186
127 156
66 158
10 183
96 174
43 109
29 122
22 188
88 156
20 100
151 193
132 159
45 105
34 171
107 136
9 104
17 125
73 153
68 130
108 148
109 110
115 165
113 126
89 117
98 113
26 135
137 150
75 140
148 189
97 134
110 129
32 134
6 160
77 107
82 111
114 181
167 185
74 108
159 190
90 112
83 172
39 122
136 139
46 106
125 167
46 114
103 109
13 109
90 120
13 152
16 129
62 181
57 176
37 178
139 145
75 167
34 190
31 150
66 190
29 191
104 158
74 145
183 196
99 114
111 145
31 112
79 152
33 189
70 143
16 166
66 174
43 105
108 197
160 193
89 157
177 194
55 154
41 173
128 193
155 167
141 185
13 133
47 158
125 138
110 118
77 134
178 192
35 129
11 150
61 178
38 101
22 163
32 191
47 156
164 194
56 138
75 155
45 140
55 115
93 102
144 160
108 165
68 177
9 103
114 134
126 162
149 166
140 187
2 193
87 151
46 183
100 109
107 141
114 165
21 117
8 154
47 107
23 170
95 138
59 136
58 172
49 152
61 193
3 122
57 117
123 125
120 147
73 126
84 108
108 152
76 186
88 105
140 159
48 178
142 199
59 190
160 169
106 142
139 181
111 147
120 144
57 158
18 179
110 169
82 146
12 159
86 137
19 176
109 182
17 170
171 182
107 187
171 179
85 150
162 188
80 166
39 189
117 199
23 128
53 156
92 145
124 126
11 117
72 131
12 185
148 200
72 116
120 183
189 193
85 181
107 126
49 149
21 140
39 184
74 104
75 112
59 138
176 192
139 191
130 188
68 185
116 193
63 184
107 197
37 155
11 120
104 179
82 125
67 142
171 180
0 168
62 194
38 180
85 200
0 110
52 119
76 169
72 199
164 167
55 115
79 110
137 186
54 144
118 176
151 179
59 174
156 174
107 197
174 186
70 115
156 199
13 196
177 190
41 187
13 188
114 178
65 160
104 178
22 160
26 171
64 194
30 100
27 161
28 121
128 144
144 145
136 148
66 196
67 151
32 132
24 144
18 143
89 123
57 184
65 199
113 121
55 148
100 185
8 135
4 129
64 156
72 124
14 130
7 140
25 123
45 104
69 104
83 168
123 188
88 154
57 128
47 132
57 120
3 110
169 195
9 113
102 181
46 172
122 191
68 179
191 194
12 153
74 127
90 168
46 149
141 196
67 197
69 172
166 169
21 109
19 153
134 139
25 175
90 118
127 193
91 161
103 137
39 164
85 110
26 157
32 104
31 136
36 134
15 183
76 105
21 188
17 133
90 115
163 171
122 140
87 131
1 147
156 192
59 105
86 134
32 199
137 150
119 142
53 111
57 158
93 102
11 185
77 196
157 185
75 184
45 152
96 146
82 158
31 117
56 147
44 160
9 174
10 122
95 170
194 198
12 180
52 138
15 152
164 169
113 138
108 152
84 116
23 100
17 120
50 132
24 178
88 163
132 160
79 144
78 141
0 187
161 181
81 111
107 162
87 111
63 144
27 115
47 179
178 181
23 144
95 101
8 147
8 153
161 191
115 116
57 116
154 177
129 165
110 133
20 162
165 188
114 148
83 121
115 144
102 142
4 146
88 124
81 152
121 126
51 131
31 113
122 125
84 171
23 154
20 112
122 136
49 158
128 137
30 132
8 122
11 176
61 156
29 144
135 179
82 105
113 161
61 124
89 100
56 101
76 191
120 155
98 104
139 166
19 187
32 170
86 108
7 106
99 139
88 171
73 143
143 148
42 111
57 130
63 159
100 113
25 112
130 160
57 132
96 162
26 168
106 187
63 168
127 161
81 183
38 181
17 111
63 103
8 142
45 134
12 123
34 195
102 165
131 190
111 143
131 193
33 172
42 142
47 156
165 166
24 109
112 154
143 160
53 179
122 137
56 117
25 101
29 178
17 131
20 146
7 181
1 134
165 194
38 174
48 180
81 100
56 167
100 174
80 165
11 116
55 146
29 146
48 125
139 182
15 129
58 179
17 197
148 180
163 165
118 146
12 115
68 197
0 151
36 189
37 196
41 108
75 167
25 189
161 181
44 189
123 159
93 100
185 192
97 114
23 153
30 180
58 115
53 192
57 119
124 167
129 159
115 169
149 151
95 103
101 144
4 133
100 122
62 110
58 162
34 168
40 197
6 169
9 165
62 115
180 191
108 152
87 138
171 199
127 147
27 164
95 135
44 159
0 183
172 176
93 113
78 200
57 186
78 115
14 124
19 175
60 159
86 141
88 122
169 175
104 165
130 170
39 169
40 123
69 107
15 103
88 150
67 153
6 110
65 103
55 165
68 171
99 127
51 164
61 113
87 110
98 111
69 122
26 136
118 158
75 111
47 127
45 117
6 174
80 179
35 110
75 144
103 180
144 156
100 156
124 159
134 192
90 119
125 183
43 143
34 191
14 119
1 150
117 193
145 175
40 109
36 175
26 184
96 198
8 164
114 160
110 147
156 192
47 170
128 132
83 118
109 187
91 159
44 116
24 113
176 188
84 196
12 104
39 117
6 183
53 115
91 122
74 109
70 166
115 120
13 109
80 103
38 146
56 107
89 117
121 153
16 163
98 145
112 153
16 175
123 162
27 123
18 121
62 149
49 117
31 152
97 194
13 148
43 126
40 141
32 109
76 153
149 165
52 146
160 188
25 101
98 140
25 170
115 189
75 102
44 177
20 156
133 154
70 198
115 148
123 133
126 167
32 122
136 173
25 119
94 167
89 185
111 164
124 173
41 199
10 200
38 193
71 146
112 181
4 105
78 169
49 181
17 164
79 117
62 108
105 198
33 140
56 107
146 193
161 184
90 172
47 195
145 164
76 166
56 191
29 110
30 130
123 128
174 178
45 148
95 114
62 155
173 197
111 151
0 197
14 119
81 162
41 119
49 147
31 131
86 169
91 101
78 146
26 183
9 141
45 178
52 117
37 158
62 126
141 191
114 118
148 193
122 155
2 142
0 183
131 164
157 161
32 162
174 193
16 113
135 154
143 145
172 175
0 176
91 169
84 195
44 102
90 114
46 105
73 195
114 185
77 128
96 127
71 112
68 109
73 123
37 177
57 106
114 177
7 108
102 113
45 169
61 118
121 160
176 199
74 123
12 123
117 156
4 153
116 148
153 176
60 134
84 186
21 173
13 197
48 171
69 138
96 194
14 116
87 138
8 180
165 176
85 131
159 181
14 125
88 109
23 110
58 146
39 177
31 140
56 128
63 100
28 116
2 102
18 184
185 196
13 168
107 157
57 143
81 117
106 185
61 164
72 172
7 135
9 152
77 199
89 178
21 116
101 192
85 129
106 132
55 184
82 114
117 180
97 161
170 195
74 116
39 146
34 199
118 130
36 140
66 114
72 136
34 139
28 107
38 161
113 172
57 101
158 177
119 147
95 138
85 125
65 128
107 152
46 186
83 139
51 125
24 122
85 140
151 158
88 188
39 118
3 102
26 162
3 165
38 137
87 102
118 199
13 122
18 105
32 146
13 172
67 103
95 183
13 115
65 161
35 168
10 184
52 117
28 136
90 174
71 115
38 127
41 149
83 115
17 145
121 122
93 111
39 123
130 160
1 111
78 183
103 174
96 195
89 120
27 128
117 190
102 150
159 178
63 101
93 132
133 138
37 100
35 165
43 113
47 192
63 112
10 105
145 183
117 200
103 125
9 179
9 109
21 126
157 167
69 172
28 178
24 131
131 166
51 187
123 136
92 115
101 175
31 154
6 105
25 198
3 100
68 112
37 110
46 152
67 121
36 103
45 143
24 152
61 161
33 140
14 188
2 185
130 179
32 175
94 148
20 101
51 136
81 110
94 160
48 174
88 194
107 161
128 196
68 149
65 155
78 144
78 156
41 113
84 101
97 168
21 121
106 110
4 180
168 193
9 105
39 150
46 179
63 132
94 169
81 110
145 146
177 190
12 102
118 167
127 174
177 184
42 142
115 118
116 198
16 124
10 183
11 125
97 185
134 174
25 133
135 167
27 109
156 165
7 157
153 192
121 153
174 197
73 139
66 190
86 111
75 170
22 156
87 135
150 167
14 111
148 169
81 133
90 148
9 158
13 142
109 120
19 120
48 108
14 188
5 107
32 117
117 130
120 124
103 149
153 185
45 145
51 193
6 128
74 185
101 174
127 175
131 147
107 159
60 134
108 117
67 188
31 188
86 168
74 151
120 138
165 192
9 142
24 140
57 109
33 190
70 151
197 199
23 151
94 155
169 186
34 141
146 171
115 149
18 145
54 126
36 115
62 180
106 139
62 106
102 114
114 155
35 159
143 166
76 180
88 140
111 128
11 100
99 170
22 113
39 151
122 157
127 128
71 125
48 122
88 122
118 188
135 164
14 140
54 173
12 193
61 103
112 142
159 163
39 137
118 192
8 144
89 152
121 174
95 113
26 127
34 173
39 107
129 148
101 126
1 178
77 122
36 136
13 163
9 162
140 152
59 146
96 143
33 103
75 117
107 142
32 112
148 184
74 134
57 101
65 126
148 155
68 199
57 112
63 113
81 129
152 193
133 167
28 174
38 100
124 169
38 174
47 152
61 129
70 101
20 179
143 199
65 153
42 197
129 174
39 118
34 137
1 165
55 155
108 196
7 165
1 104
35 181
29 168
17 103
109 177
0 162
83 191
93 181
110 134
15 143
86 153
78 125
98 144
123 130
26 150
117 123
42 102
59 123
20 120
106 141
93 114
26 134
33 161
6 114
11 100
29 151
32 167
99 111
15 146
86 139
14 187
47 136
56 135
2 122
185 195
123 139
163 174
120 155
53 141
95 159
108 178
27 152
106 138
110 192
167 171
76 128
111 152
13 124
92 197
99 112
98 122
99 158
116 122
4 153
62 104
78 126
96 110
89 185
45 145
9 175
45 185
25 143
59 111
9 162
107 195
40 107
98 194
186 199
30 114
13 111
64 117
98 140
56 103
34 165
93 195
78 182
115 132
7 135
30 108
102 120
16 109
81 147
64 103
94 151
71 148
86 135
114 124
154 156
101 182
27 179
55 140
65 188
148 162
9 155
86 127
18 126
97 117
65 171
159 164
39 185
36 135
118 120
86 116
79 172
68 165
9 114
37 117
116 119
163 174
114 119
6 109
98 193
43 145
94 158
61 136
47 185
16 145
74 133
13 108
90 123
100 174
16 157
10 141
15 157
116 118
15 170
29 160
40 102
21 159
13 161
56 172
113 155
89 134
48 188
29 150
4 105
41 120
80 125
114 115
62 136
50 118
163 200
95 100
124 133
38 187
37 157
75 107
32 108
158 175
165 176
184 193
26 106
148 164
62 109
105 143
66 117
31 105
94 177
73 170
126 161
49 130
64 103
146 165
165 182
32 143
41 120
159 187
87 105
21 178
79 103
178 179
73 152
24 151
102 163
104 183
11 179
101 191
88 147
62 104
0 141
120 137
2 183
13 131
177 181
33 123
124 149
76 146
31 119
47 104
57 101
54 170
75 161
62 147
113 200
37 156
74 123
180 187
36 133
110 156
1 112
35 163
102 106
98 140
60 125
114 200
14 165
148 165
106 170
104 173
1 131
51 193
38 183
161 197
54 100
134 195
99 105
10 114
118 137
57 181
26 104
81 130
92 142
74 145
98 180
63 116
132 170
20 126
170 177
66 107
92 120
52 112
46 162
60 113
94 143
137 162
29 153
52 131
99 105
124 198
69 141
169 181
52 110
3 111
55 176
187 200
8 133
77 132
43 178
42 147
5 120
65 119
133 199
33 162
17 100
138 154
49 161
1 102
82 108
98 158
192 195
14 141
26 177
69 120
90 129
110 133
31 102
40 116
157 165
89 120
25 142
87 121
120 161
36 196
59 105
97 136
22 109
31 181
63 164
56 120
58 106
115 198
33 150
78 188
17 141
86 101
87 164
2 194
40 114
109 126
63 174
157 183
95 115
97 122
146 153
5 132
36 105
65 104
126 132
92 180
163 181
91 157
96 179
105 148
38 134
87 159
6 102
112 162
104 159
131 133
51 104
150 165
64 177
98 113
138 156
139 159
2 100
105 186
139 187
56 123
152 158
57 122
173 193
23 133
139 141
97 114
130 196
88 128
10 122
45 122
111 182
45 134
102 185
32 169
60 136
130 153
191 200
114 158
17 164
96 110
76 102
124 163
93 126
36 174
26 181
68 144
20 190
108 178
42 113
50 129
50 124
9 177
62 163
85 183
50 169
23 115
45 177
3 163
31 145
67 108
35 140
94 192
32 102
39 186
137 199
9 146
101 119
60 181
11 178
132 166
98 121
197 200
2 156
59 139
49 131
131 148
118 162
39 103
141 151
50 112
146 150
38 185
55 194
61 104
59 110
24 162
148 168
104 165
153 160
78 106
54 101
176 183
48 131
34 145
66 173
27 140
98 141
43 178
27 106
120 150
88 186
44 112
136 200
87 168
56 125
6 106
132 137
10 158
118 127
85 146
59 108
136 191
78 174
88 101
51 129
10 198
107 127
54 111
106 110
107 174
30 152
87 185
146 170
124 147
31 113
0 154
42 111
79 171
98 148
177 196
45 197
73 111
55 136
46 174
185 200
20 156
98 170
7 114
138 154
41 157
5 113
71 180
143 178
108 199
113 123
115 141
20 123
38 120
22 119
112 129
70 179
131 171
116 146
137 163
7 136
62 120
106 147
123 135
68 156
8 151
16 153
59 157
111 153
50 165
132 165
117 158
92 100
61 188
34 166
15 108
10 164
44 181
176 178
5 127
4 125
118 140
149 151
97 115
29 133
88 113
78 160
34 111
38 118
129 190
30 148
39 157
107 139
1 108
79 192
84 107
55 129
25 102
145 155
34 177
69 132
38 139
121 187
14 115
151 163
33 131
129 150
93 185
59 141
162 169
72 150
95 151
112 199
8 116
51 159
73 149
13 106
1 141
41 104
28 188
118 198
6 165
79 165
90 110
20 123
35 157
105 148
18 115
23 193
25 106
76 113
52 124
2 110
33 156
40 101
78 137
65 112
72 161
63 107
33 127
36 115
95 149
88 173
22 137
69 182
91 167
154 155
86 175
28 133
123 184
93 132
125 151
0 196
64 157
31 132
46 197
105 129
15 161
7 134
32 138
127 133
82 143
90 137
10 170
97 163
54 128
131 132
64 119
94 156
28 108
17 161
83 107
39 112
23 179
37 169
58 135
50 101
11 167
43 166
77 142
137 158
9 197
36 142
109 117
36 143
58 163
10 125
115 119
87 164
86 105
134 144
103 160
20 140
146 182
120 126
47 103
20 104
146 174
39 152
74 138
47 123
65 136
14 142
24 113
10 130
81 110
39 100
52 121
101 136
35 185
47 151
18 193
30 117
42 155
83 111
33 100
2 191
6 152
84 134
95 162
131 171
64 192
14 102
153 200
74 130
79 168
167 179
145 161
50 125
29 160
72 170
61 105
133 161
164 173
59 162
101 131
125 166
28 115
24 186
27 194
107 179
53 164
8 195
11 193
36 167
124 162
2 109
152 186
10 172
78 101
52 123
47 104
75 123
35 125
82 147
98 128
19 183
38 102
130 150
70 160
24 109
0 174
174 175
47 124
91 126
84 172
68 138
38 150
0 137
28 136
23 139
81 149
7 187
5 130
128 169
115 187
129 200
48 144
62 135
14 129
183 184
34 145
133 193
106 124
73 138
21 195
12 163
3 181
82 180
3 109
19 105
81 177
51 152
109 112
9 137
116 121
19 161
47 126
51 143
161 200
167 199
36 124
35 141
39 163
77 130
52 120
178 181
120 181
186 192
87 140
163 188
130 142
22 102
72 122
163 183
79 160
92 124
129 172
3 114
161 195
103 154
148 164
78 102
188 198
32 169
2 168
8 170
97 200
19 106
24 182
112 186
59 141
95 142
30 140
36 161
87 150
47 160
82 110
51 177
39 114
81 103
38 116
19 150
48 175
171 181
85 149
53 124
115 197
9 175
97 180
128 199
46 136
92 151
142 145
73 157
89 114
7 124
56 107
36 114
29 140
106 159
68 134
29 103
146 149
13 166
4 113
24 109
56 190
81 140
115 126
125 183
66 124
15 110
33 138
53 106
24 153
26 108
40 117
88 125
121 149
143 170
137 176
72 191
82 152
94 158
16 111
75 138
183 192
68 158
113 138
68 118
15 177
153 166
80 188
13 100
63 120
100 123
4 156
12 145
91 109
97 135
60 121
160 187
80 170
128 153
51 103
7 117
1 107
47 134
74 108
38 134
54 165
76 150
127 162
72 114
49 151
109 116
118 141
50 159
30 109
23 132
85 166
138 169
122 154
64 171
139 176
22 155
48 106
156 173
18 106
12 174
72 124
106 149
10 135
114 193
22 110
31 150
27 159
56 115
77 132
1 105
53 147
120 181
163 183
83 134
97 127
42 107
78 173
10 198
137 188
1 151
6 152
165 172
45 117
1 123
13 176
6 117
158 165
17 100
54 175
87 150
72 193
73 145
31 171
49 103
127 160
154 161
16 116
36 100
60 119
76 160
38 128
113 171
62 138
51 154
121 124
34 148
4 137
40 109
92 112
5 104
103 139
51 135
158 165
103 198
47 183
60 159
52 149
40 149
78 160
130 163
47 121
66 163
145 191
117 198
172 193
64 130
51 111
155 173
125 197
7 143
20 106
13 123
64 142
32 109
98 157
81 127
153 173
96 119
78 159
52 101
47 110
74 127
87 186
4 117
188 193
111 149
100 179
96 118
86 187
24 167
90 194
47 145
10 183
111 179
91 109
62 135
130 198
105 192
78 176
143 190
110 121
44 180
39 110
37 196
175 200
84 145
8 113
111 119
92 109
136 161
13 170
106 121
60 166
111 128
39 168
97 177
87 121
118 199
57 114
136 145
88 131
67 107
13 176
61 190
48 100
44 141
28 129
151 198
60 190
55 126
58 142
49 100
113 174
3 182
169 180
98 112
12 191
69 195
89 190
124 133
95 107
85 113
176 195
121 148
106 133
123 182
89 160
88 106
107 129
7 128
96 108
130 175
7 105
156 182
95 106
16 177
106 112
98 105
45 137
67 113
37 142
19 185
131 154
128 197
10 152
118 166
73 101
107 183
73 116
146 166
71 184
60 173
60 192
108 180
9 137
135 199
83 189
167 175
53 162
8 153
18 151
136 192
23 194
79 160
100 159
84 109
29 172
93 100
45 104
2 101
50 149
131 189
53 114
152 195
141 196
127 138
74 135
67 146
35 108
92 170
80 196
98 186
10 102
19 128
70 145
121 183
27 164
96 135
60 150
158 163
89 144
48 113
146 177
62 141
52 161
69 141
117 131
113 173
103 105
26 192
82 117
26 191
59 160
70 145
113 175
148 149
77 128
58 144
117 141
33 131
28 145
74 127
52 131
119 186
13 119
45 175
106 182
24 183
22 116
60 173
130 186
132 157
168 178
54 117
22 162
33 173
99 143
87 119
101 146
97 196
6 105
114 170
88 114
34 147
13 185
120 155
87 101
30 144
83 192
52 109
40 105
144 192
181 182
127 167
160 191
165 179
130 151
124 145
27 145
5 122
108 184
72 141
106 185
63 129
2 100
44 176
22 149
75 135
164 174
17 115
63 130
47 188
18 142
15 186
54 173
171 190
152 192
104 134
19 188
41 125
77 129
54 111
165 189
43 170
63 106
42 117
51 126
43 159
80 130
42 108
37 159
35 126
90 162
106 136
127 154
65 113
99 136
113 114
14 125
46 163
124 125
94 193
95 155
150 171
94 194
120 156
52 199
31 184
4 129
98 158
122 156
66 112
6 196
44 142
72 107
49 140
88 188
58 100
170 180
124 166
74 169
176 195
37 106
13 191
12 143
111 138
53 102
62 128
104 136
44 105
9 124
48 131
75 181
0 193
87 104
128 170
85 170
11 191
42 138
62 198
97 100
35 134
66 154
49 153
105 137
62 165
105 124
53 190
78 111
100 140
107 109
93 132
42 111
74 122
127 137
43 103
128 193
81 145
55 152
13 160
95 182
109 152
105 142
129 137
31 159
67 113
99 101
116 162
117 162
86 108
86 176
88 177
30 184
89 175
43 148
119 168
118 123
30 167
4 162
27 172
139 200
0 129
63 148
14 128
84 152
57 139
92 193
95 189
101 119
112 136
100 143
145 175
110 116
136 168
86 147
51 145
67 164
71 163
61 157
138 146
66 155
149 150
83 125
37 120
3 118
27 184
170 199
105 192
177 197
35 132
31 109
56 167
47 160
49 149
106 180
178 199
23 164
70 102
49 131
63 102
7 136
9 195
180 194
92 180
63 123
5 113
21 148
9 111
63 133
50 150
36 183
122 144
117 192
52 176
71 182
112 140
173 174
68 144
97 181
45 127
48 164
26 137
63 153
93 116
54 124
12 119
78 116
158 190
79 106
1 167
69 103
94 161
85 120
35 120
80 122
84 185
48 180
27 156
11 122
171 182
101 200
54 124
40 155
5 120
177 198
164 195
88 161
20 154
58 191
90 187
113 130
161 177
76 162
89 179
147 167
51 104
10 111
44 172
29 193
68 163
153 171
49 148
2 124
28 126
42 149
9 131
45 186
118 150
42 186
75 160
78 168
91 135
5 124
127 150
73 112
81 164
93 169
91 112
51 169
134 194
17 128
45 167
69 122
56 113
54 127
137 191
156 159
8 140
135 151
137 147
21 117
5 177
126 198
53 130
165 170
71 146
169 177
9 161
37 160
68 128
73 127
91 127
112 116
78 192
91 110
29 158
83 199
23 128
127 176
17 144
39 123
104 148
76 194
16 147
33 101
30 119
95 116
102 114
84 147
189 191
7 131
44 153
47 126
94 121
127 183
104 143
71 130
27 121
117 128
51 151
68 190
16 131
57 127
18 106
101 161
163 181
99 180
5 177
41 183
174 195
3 101
69 183
10 106
12 156
112 200
26 152
32 106
44 115
89 157
56 200
87 120
32 175
51 101
124 144
151 152
51 143
12 100
47 155
27 155
41 135
19 117
97 188
61 183
49 120
87 194
143 183
50 157
47 127
130 178
12 165
141 184
25 130
85 165
99 122
42 136
31 129
97 149
55 178
115 184
73 117
77 120
131 198
131 163
66 187
96 174
39 196
76 183
36 164
98 134
119 133
44 160
99 166
103 195
30 114
83 187
53 158
80 151
105 165
37 106
39 102
88 163
15 153
61 101
175 197
0 102
5 110
66 174
95 200
92 107
145 156
50 129
62 143
69 150
64 106
34 136
37 137
68 108
74 100
135 160
10 124
58 113
37 116
79 152
83 199
13 152
44 158
36 123
126 147
75 138
36 101
180 200
41 132
25 194
90 106
96 102
140 199
6 183
81 192
52 105
10 156
63 140
96 113
11 155
96 155
51 125
110 181
93 118
35 189
168 199
65 162
91 116
61 119
50 125
21 164
126 155
46 193
16 146
114 184
131 184
34 130
41 159
15 180
51 116
48 125
96 104
129 136
152 156
30 105
89 168
134 142
85 134
66 176
4 127
153 155
41 181
33 119
65 135
158 198
144 166
115 120
98 104
163 173
145 187
57 162
134 140
1 176
172 185
76 139
163 190
13 173
47 149
147 152
117 159
75 121
12 156
61 101
21 141
127 149
110 175
59 112
38 110
92 128
123 183
82 145
72 126
9 107
58 110
49 125
26 125
95 181
67 108
150 180
58 187
53 123
127 134
98 159
60 102
46 156
132 154
92 148
77 131
139 164
40 169
89 103
128 130
4 104
18 188
10 103
63 152
8 117
88 140
81 156
184 198
82 127
85 195
43 139
94 167
98 153
49 112
0 169
54 125
125 147
5 159
103 123
7 197
22 130
47 177
46 197
73 175
164 189
69 137
18 154
78 154
58 145
54 129
31 166
56 138
94 106
153 163
117 138
93 142
61 102
59 150
78 147
25 169
155 200
156 195
132 161
76 193
16 184
164 184
9 152
9 105
4 153
21 120
132 157
34 188
47 128
116 129
74 141
55 143
171 179
41 188
123 151
102 142
60 110
85 184
153 178
52 139
32 143
8 146
29 143
90 184
99 108
26 129
123 141
101 107
120 159
60 105
38 137
62 117
127 156
109 138
102 112
71 163
27 120
22 120
65 132
182 189
5 186
17 180
55 192
86 181
42 147
97 122
44 154
14 130
98 174
50 103
56 125
3 127
48 127
101 146
76 109
107 179
74 126
88 100
68 126
120 139
119 166
119 151
9 106
2 102
46 200
33 157
17 113
41 156
42 100
56 129
5 158
70 169
50 109
51 147
109 110
70 101
53 124
152 183
5 113
32 119
2 103
51 122
138 158
23 101
16 123
65 135
42 128
43 125
54 136
81 106
20 102
90 111
128 144
65 128
113 167
59 103
1 148
115 195
15 186
141 173
87 118
91 112
61 118
8 125
61 144
43 142
22 121
120 142
63 121
80 178
33 192
33 147
80 120
151 176
171 199
100 196
9 128
45 122
156 170
27 168
12 137
103 194
121 155
82 107
121 159
32 166
108 146
16 136
31 165
89 181
64 101
58 188
72 182
15 100
91 108
114 166
12 195
36 179
146 187
139 163
17 181
20 124
193 199
69 178
51 119
111 159
19 141
16 128
36 171
31 125
9 176
45 134
72 127
100 127
40 154
102 140
95 183
18 100
77 101
115 199
95 161
124 143
58 101
107 141
80 148
124 153
73 160
1 179
11 174
65 146
105 162
78 113
157 163
78 168
100 148
60 128
142 147
140 150
14 144
101 113
72 175
167 195
74 121
52 114
22 185
136 186
12 137
47 118
10 156
147 197
118 133
85 187
126 170
94 152
123 147
87 183
143 148
73 185
6 193
110 198
106 110
22 102
148 186
80 153
6 108
94 120
107 112
56 179
101 175
3 119
27 144
112 168
98 181
19 135
111 128
120 144
155 172
86 123
88 101
150 155
75 103
69 134
80 110
12 105
53 117
28 102
20 170
81 100
108 133
100 110
104 198
111 193
46 112
60 136
39 186
120 197
108 148
78 149
74 161
115 175
35 126
113 164
90 168
29 199
150 156
29 151
89 170
49 162
31 192
26 122
54 167
11 153
6 113
108 109
41 197
25 132
16 105
87 172
126 173
4 110
135 152
57 154
44 134
79 147
85 125
174 175
39 114
11 122
14 110
49 104
71 196
86 123
133 166
12 141
61 193
88 195
47 163
24 108
15 108
82 183
97 175
179 198
88 110
92 163
73 172
19 146
112 120
20 107
92 104
163 182
83 125
5 142
103 151
28 109
144 195
97 102
161 178
141 157
13 180
102 164
103 117
96 164
92 178
14 111
12 112
35 150
84 110
103 134
108 158
102 168
109 114
129 136
152 160
18 104
132 155
15 148
121 152
119 175
64 130
12 188
102 159
53 145
1 153
11 175
78 159
25 133
76 190
81 113
16 190
70 132
61 191
26 100
105 109
72 100
93 177
142 189
135 175
8 178
145 175
95 156
116 144
113 135
70 114
187 190
136 189
68 125
57 118
164 165
5 136
113 162
71 172
53 183
32 116
28 108
74 147
22 136
51 110
0 157
3 193
32 114
71 171
107 180
76 107
71 135
66 186
121 182
57 116
85 136
116 185
10 103
4 109
31 151
143 145
38 172
3 103
101 133
16 110
79 190
40 116
74 175
134 155
65 170
59 126
96 190
103 128
109 116
75 104
191 196
0 181
102 195
9 107
58 191
2 176
88 124
134 171
38 136
24 153
33 187
141 168
118 124
137 145
87 126
127 173
45 117
28 146
60 128
37 171
98 127
111 156
62 151
90 131
128 174
56 126
4 142
83 107
121 186
2 158
23 100
34 188
48 142
53 122
151 176
41 133
119 157
27 119
123 140
1 199
114 128
37 146
61 155
100 153
74 104
52 152
15 183
45 119
142 173
43 156
97 106
85 196
142 164
12 160
83 119
183 198
79 158
101 111
98 175
45 119
21 141
68 196
148 199
22 145
72 128
12 120
125 165
84 183
140 151
51 185
135 180
15 103
60 186
63 123
96 126
25 151
86 120
50 155
119 161
58 147
46 151
149 192
19 111
51 125
85 100
10 186
86 156
24 116
14 130
143 168
178 187
155 198
118 198
61 120
150 193
99 159
138 162
76 176
34 177
8 156
0 160
89 117
148 200
43 171
55 108
47 177
81 127
20 115
98 110
78 128
3 138
120 138
160 171
58 123
72 164
92 116
65 139
31 127
92 122
162 198
139 189
8 193
6 108
135 153
56 198
113 164
5 141
64 181
32 107
33 113
27 150
65 116
51 163
93 189
90 136
172 191
47 127
37 141
24 104
16 103
6 136
165 190
76 103
6 128
158 181
23 144
14 129
52 135
69 172
65 157
66 158
73 188
93 182
45 120
184 199
138 164
20 143
60 122
16 172
104 159
176 188
6 180
17 113
65 180
1 107
12 133
82 147
118 155
1 102
108 186
150 193
35 104
2 102
92 175
77 148
42 129
105 109
65 169
142 151
129 146
67 150
48 105
155 179
171 194
35 109
80 189
31 189
43 169
7 180
10 136
86 194
195 198
64 100
14 167
7 104
50 171
28 104
58 102
113 140
70 174
19 175
25 177
140 159
83 122
94 138
56 151
43 180
173 178
24 198
177 182
98 101
50 194
39 142
102 163
39 172
27 164
137 167
63 116
95 181
58 140
22 102
86 117
36 175
104 128
26 147
72 164
16 156
35 132
14 118
8 116
118 196
120 153
91 116
60 182
32 196
92 153
81 164
145 171
13 150
76 145
31 128
33 153
135 157
55 111
109 118
1 105
84 183
37 130
182 193
2 186
74 171
84 194
113 124
28 117
98 106
60 188
66 189
87 165
110 164
113 196
86 180
85 161
34 113
6 163
66 164
109 187
77 109
102 150
17 190
13 132
64 160
49 173
61 111
79 105
116 134
79 185
61 165
20 183
148 149
109 132
94 164
7 105
32 103
116 153
77 131
21 100
18 157
90 175
62 195
1 162
98 121
56 141
22 125
64 135
20 151
8 129
6 117
39 115
100 133
128 151
162 165
81 189
115 171
57 123
149 160
141 146
30 149
87 144
102 112
113 127
13 113
127 180
154 161
43 140
19 175
77 168
75 100
109 127
149 161
49 105
83 148
60 180
122 141
96 117
155 199
54 157
110 153
58 156
85 196
90 158
97 161
68 195
45 130
70 121
98 121
78 169
42 197
134 148
63 172
141 178
106 133
11 190
74 172
64 129
47 142
59 125
58 172
95 126
130 173
88 148
113 120
68 128
26 148
86 180
126 170
52 188
93 131
47 193
88 141
96 132
20 114
148 152
18 183
153 164
64 144
23 169
0 127
67 101
22 110
116 133
85 104
26 105
101 125
71 168
55 199
134 161
74 131
97 113
32 121
89 131
34 120
25 101
116 172
114 191
112 165
32 178
29 128
58 164
64 130
72 183
117 127
86 133
106 191
43 182
16 200
158 189
99 124
0 146
52 146
94 156
102 144
128 142
27 177
138 180
52 124
28 157
163 185
109 138
41 174
28 141
56 153
131 194
137 139
73 194
20 113
1 169
108 117
140 169
54 108
43 168
21 115
34 156
0 150
41 118
169 175
23 114
33 172
98 199
44 156
60 126
13 160
153 182
95 174
108 193
168 180
13 141
125 132
146 197
102 177
15 101
18 169
41 121
122 128
123 153
115 162
13 139
65 115
70 158
85 186
11 124
132 163
117 119
38 183
99 102
48 109
57 110
59 169
53 121
35 158
103 113
134 179
40 111
35 189
38 180
21 107
47 101
89 183
121 131
58 184
12 169
142 199
121 146
171 184
28 161
94 114
59 161
152 168
106 133
123 132
85 146
79 176
52 103
102 119
179 180
115 126
164 172
7 149
101 145
72 174
0 123
17 174
97 117
75 119
116 125
188 195
20 153
74 117
120 165
8 108
135 172
107 197
6 128
83 136
103 128
7 198
10 102
90 108
5 149
90 113
67 103
84 199
3 191
99 135
134 162
102 154
112 186
101 152
83 163
105 177
35 168
32 197
30 130
107 184
151 192
8 156
167 173
11 140
75 100
6 155
94 158
100 137
150 158
76 176
47 189
63 150
103 164
67 167
104 164
53 186
68 129
28 127
75 134
142 186
166 175
59 114
174 186
8 158
87 115
49 119
109 171
160 198
104 163
101 176
134 137
11 143
14 139
26 102
25 185
41 179
81 146
3 197
59 165
28 131
2 153
108 125
69 198
89 107
56 117
70 153
47 125
133 142
96 145
125 189
5 168
59 121
29 164
10 161
51 114
42 157
161 169
68 171
101 130
60 146
63 102
7 106
111 114
41 103
114 173
156 192
18 184
53 129
107 186
45 114
39 100
118 191
56 100
120 197
5 139
135 173
53 118
47 104
150 151
126 159
174 187
74 139
93 109
71 126
8 119
145 159
37 121
66 126
86 118
47 116
58 175
12 139
118 198
28 185
36 191
41 110
82 155
28 104
27 121
87 181
82 161
23 101
54 118
65 129
102 165
120 149
19 164
108 165
126 129
97 199
2 165
93 166
59 197
66 112
106 152
79 113
41 100
86 116
86 194
6 199
103 140
71 191
124 133
31 130
77 156
25 178
98 184
12 154
121 130
120 176
169 193
17 186
137 163
119 161
111 118
168 173
81 133
157 189
67 137
115 125
41 114
28 109
95 149
146 186
87 131
26 126
157 191
65 182
46 192
92 181
98 191
158 195
34 109
6 148
0 172
12 137
161 185
78 191
28 139
103 153
51 189
73 103
94 121
5 182
111 119
127 143
10 105
3 157
3 135
61 104
4 121
117 126
8 192
87 100
86 175
17 180
87 115
168 200
183 200
31 161
100 127
79 180
56 176
62 111
65 190
90 134
62 137
78 148
86 170
51 184
81 115
38 117
73 113
64 102
59 158
76 137
114 148
108 160
57 109
67 113
126 159
138 195
31 140
189 193
118 151
47 110
7 115
143 145
123 159
107 192
34 167
178 190
11 100
8 184
91 160
61 140
9 106
26 137
7 121
20 138
67 188
93 121
166 199
131 189
125 189
17 103
43 149
13 118
74 162
160 166
148 200
7 109
146 162
84 184
8 107
108 119
48 157
42 189
94 128
139 143
99 125
101 173
7 183
15 178
60 102
116 200
79 143
119 135
11 120
31 172
30 150
22 184
84 141
75 143
138 139
25 150
60 105
9 151
102 187
127 151
17 136
102 187
113 185
77 153
21 130
90 135
61 114
111 184
148 150
57 169
24 184
48 109
177 194
101 106
132 195
78 130
16 150
13 149
73 117
81 113
165 186
165 183
190 198
149 169
163 188
110 124
107 151
74 180
93 182
91 189
64 189
101 141
183 200
54 129
53 109
113 151
44 142
26 115
51 139
133 177
57 165
123 126
64 195
104 139
75 117
143 177
113 145
140 166
24 172
8 145
102 153
100 145
69 104
71 142
36 196
98 185
56 153
129 134
5 166
147 150
49 117
70 103
95 174
11 120
8 118
61 110
4 142
99 130
125 175
188 193
141 147
120 199
155 181
141 160
27 200
91 142
63 171
20 187
162 173
34 189
72 191
108 155
23 186
13 200
156 170
127 174
123 128
19 143
108 178
88 113
21 185
11 127
81 168
70 167
40 149
54 181
61 105
62 126
103 151
10 149
123 190
56 183
28 156
7 140
118 127
5 103
94 106
6 143
114 115
59 162
44 106
98 119
14 124
170 190
82 150
185 187
58 170
195 199
0 123
95 165
80 189
80 111
139 174
74 122
46 110
29 158
100 108
36 172
12 116
82 168
50 110
8 193
35 151
104 162
140 150
54 127
34 114
114 122
123 129
108 161
7 168
105 144
110 113
29 122
52 181
82 189
60 157
83 188
63 117
73 140
61 100
76 149
35 119
37 186
34 171
17 106
129 174
6 189
77 171
38 151
72 110
25 132
10 124
83 140
107 130
74 102
186 195
46 121
48 189
131 143
17 109
82 152
71 156
146 200
48 106
74 118
26 149
178 191
4 104
175 177
134 199
118 124
89 113
143 169
4 133
113 120
14 103
135 146
89 118
47 180
49 121
59 129
157 165
93 157
96 153
167 183
35 108
82 130
6 136
4 111
42 114
95 104
42 138
69 109
122 158
73 103
43 149
124 127
44 174
97 199
152 172
46 135
139 154
194 199
59 141
108 127
31 164
22 105
87 170
59 167
170 180
177 197
3 171
17 109
22 119
19 151
4 185
107 164
63 193
76 110
76 129
60 102
22 149
78 126
40 129
133 153
98 118
60 197
1 108
37 166
87 129
79 105
105 118
10 127
79 111
110 116
143 185
19 136
129 154
94 144
37 144
75 172
4 138
162 182
102 149
5 144
26 138
75 111
67 177
144 184
19 141
89 193
24 192
66 150
126 167
15 150
58 191
106 150
119 134
0 117
148 177
83 171
18 112
22 106
189 190
124 130
63 152
116 173
137 148
70 124
13 178
115 116
56 172
130 191
91 141
132 138
66 178
73 193
8 106
46 100
121 150
74 125
56 128
135 176
21 144
108 171
27 122
2 197
118 147
32 186
50 116
109 111
43 177
53 184
147 198
67 142
114 169
49 156
55 159
161 169
55 104
101 167
66 130
139 161
112 162
79 118
18 157
13 108
58 114
64 130
79 109
76 185
63 107
73 106
86 115
110 136
44 118
37 194
88 127
136 147
51 128
46 167
77 200
27 180
47 163
44 121
143 149
18 161
18 198
25 200
116 130
129 137
30 138
27 136
68 100
108 127
11 134
73 169
147 182
22 182
8 110
11 116
60 140
73 159
120 180
11 161
128 171
152 180
16 109
104 149
188 192
22 188
8 109
147 178
82 184
89 138
39 148
175 180
20 158
38 108
99 114
103 144
108 115
42 186
89 192
116 121
175 178
75 114
80 119
79 109
169 174
113 150
35 133
112 127
82 103
56 100
48 195
151 199
137 191
109 120
34 105
23 143
27 153
134 141
136 145
113 130
152 161
9 111
170 185
56 150
70 106
108 147
145 187
158 196
11 107
10 137
71 119
78 131
74 103
91 127
191 195
66 126
104 148
62 134
145 182
81 138
86 136
46 114
84 107
64 106
67 128
132 141
79 154
71 126
102 168
135 195
18 132
2 107
72 103
62 185
42 174
77 111
147 182
66 192
64 169
10 169
191 200
144 163
157 192
56 188
24 101
95 104
9 104
137 138
76 123
30 193
68 186
7 135
90 193
87 133
3 118
170 200
141 177
69 195
13 106
124 152
146 192
19 151
69 191
87 162
86 148
29 107
133 168
41 128
63 165
29 108
28 118
55 138
82 159
48 168
115 128
137 155
109 110
192 197
24 175
109 154
115 136
149 191
51 108
1 122
151 186
78 182
8 120
12 129
124 173
85 153
19 172
140 160
76 116
181 200
37 110
42 106
79 195
89 161
33 159
116 122
83 125
0 175
9 106
38 107
103 167
149 174
33 120
63 111
91 125
85 135
101 183
196 197
131 168
135 200
56 126
12 111
72 151
16 159
107 132
60 186
10 164
130 180
53 176
119 189
24 103
32 120
99 115
77 167
113 175
56 150
67 132
56 159
172 190
101 192
119 175
48 143
101 177
76 125
41 109
28 195
145 189
27 130
142 155
19 180
38 146
140 180
1 184
156 177
68 176
88 185
19 200
90 158
121 197
11 140
128 165
97 106
103 139
93 110
88 159
45 121
26 138
89 155
109 139
28 101
37 124
25 156
64 173
125 164
29 101
111 184
37 133
90 194
83 110
59 126
127 192
18 145
59 187
34 195
107 156
75 101
32 145
57 169
136 138
50 155
150 169
103 184
57 113
83 104
7 151
100 199
89 140
71 100
68 197
183 199
105 130
28 111
99 118
126 162
28 160
179 187
30 191
144 188
40 117
82 108
27 143
65 147
93 147
5 195
10 142
167 181
3 117
110 181
132 184
147 171
6 192
31 149
52 102
8 105
110 183
143 184
99 177
40 121
17 182
104 113
124 167
38 119
37 150
24 122
129 150
159 192
13 124
23 138
128 134
71 129
158 170
63 126
68 150
156 167
27 129
96 108
121 166
89 109
18 129
58 179
91 124
137 153
15 123
52 140
160 172
87 182
48 105
105 164
50 130
149 156
128 131
35 132
133 198
122 162
116 152
125 153
100 188
93 124
13 174
34 142
158 193
43 199
142 161
27 130
89 135
87 141
94 170
38 157
66 174
22 107
15 147
129 153
4 198
123 192
2 152
33 120
64 130
150 178
126 197
81 146
4 123
139 182
104 187
49 129
102 157
123 154
111 173
127 136
70 169
79 183
125 133
133 156
21 175
53 105
64 127
35 158
62 124
73 195
48 146
55 108
6 125
62 135
110 197
18 167
45 147
80 182
107 135
80 127
27 127
7 136
40 124
141 146
149 150
109 131
121 180
5 113
77 116
113 188
126 135
45 180
114 189
4 163
169 190
81 106
95 196
50 147
136 175
49 162
22 111
132 199
106 124
29 187
36 169
45 156
96 137
174 185
171 174
163 192
13 183
33 150
14 112
40 197
99 104
90 105
180 188
22 126
11 154
151 157
7 185
79 183
128 137
52 142
169 196
3 157
70 132
90 103
40 131
137 178
158 165
33 154
106 126
139 178
27 134
135 164
27 141
8 168
8 145
109 145
22 135
46 156
91 125
36 168
32 168
102 107
66 148
94 140
25 132
40 151
24 133
52 142
104 105
132 144
124 139
37 183
79 159
68 101
69 157
41 170
55 124
124 188
59 129
17 178
47 193
31 109
113 198
33 135
60 192
152 154
23 129
91 169
103 166
8 148
69 142
101 107
73 199
1 158
25 176
134 170
60 151
60 177
86 111
66 103
170 181
67 110
26 166
16 149
86 119
113 116
21 118
34 159
45 131
29 198
28 180
23 170
14 184
34 136
72 120
83 124
81 101
93 128
82 102
78 146
123 132
73 120
113 118
103 132
52 115
100 107
53 155
72 114
36 165
68 177
66 108
27 195
18 151
53 165
105 183
95 147
77 104
23 107
77 147
27 146
79 103
120 150
118 169
72 119
63 129
110 154
136 172
67 114
60 126
121 175
73 177
69 167
27 107
49 127
9 117
18 152
27 110
2 134
42 190
89 109
129 155
129 136
67 143
36 182
159 196
44 132
159 179
135 177
125 128
146 185
120 160
50 191
59 120
44 120
60 115
21 111
10 185
160 182
0 119
8 200
11 165
162 173
33 183
154 187
119 165
82 182
66 123
119 120
132 150
52 112
103 109
97 149
25 126
91 186
109 167
28 191
56 100
21 136
133 155
26 187
4 159
91 149
71 189
101 175
13 151
14 193
34 118
55 132
20 126
34 186
51 131
84 131
126 146
54 188
118 119
3 110
133 142
112 198
190 200
7 167
70 136
26 117
9 109
10 153
27 196
110 161
143 161
14 151
46 146
142 185
37 133
71 157
5 134
135 194
89 107
6 155
57 110
145 188
50 200
51 101
60 133
70 140
22 163
151 158
37 118
109 113
0 189
63 102
14 123
44 192
2 107
78 182
93 190
88 113
33 191
70 195
78 141
80 155
102 183
63 195
99 186
123 142
63 188
60 173
48 109
82 176
133 180
52 148
149 166
70 186
56 129
91 159
60 135
125 139
30 138
1 151
19 158
33 142
38 159
47 162
39 179
84 111
36 122
86 158
158 187
0 107
129 154
141 152
63 110
61 187
68 147
54 147
181 184
23 196
94 104
27 124
138 160
14 130
72 132
36 166
46 145
18 140
34 154
55 113
73 143
95 166
137 186
75 196
1 135
137 197
174 188
0 110
30 198
84 122
0 167
46 127
40 159
134 162
138 179
71 115
59 144
90 142
77 157
171 179
106 179
1 148
113 163
107 133
47 112
136 198
114 191
0 149
53 156
147 152
116 146
28 179
48 178
165 190
31 104
83 133
46 104
102 113
25 165
98 118
133 182
177 187
85 173
100 152
93 117
11 124
3 177
97 121
83 106
187 199
24 130
72 112
77 175
61 131
111 182
134 194
51 132
46 151
131 132
46 190
69 117
72 168
130 136
72 137
97 157
18 155
122 153
1 167
83 162
65 189
76 120
75 111
54 160
40 159
166 170
121 182
92 134
138 191
149 186
81 146
33 127
135 172
38 186
79 157
44 116
16 150
157 185
102 154
70 197
76 138
171 175
9 111
39 125
54 129
67 152
144 199
39 102
72 161
57 165
85 159
18 147
64 118
5 117
107 109
31 129
68 158
36 127
32 195
94 153
182 189
80 136
110 193
94 112
63 127
172 185
139 166
44 165
115 147
5 121
86 113
69 172
129 131
90 142
176 180
32 130
128 194
86 139
21 109
114 142
8 164
28 114
176 182
147 181
134 155
75 174
108 119
73 123
123 141
50 130
149 163
87 180
111 158
48 133
132 161
33 104
163 179
11 135
139 151
45 159
65 125
11 156
103 178
119 140
9 147
106 174
152 158
147 198
8 104
84 176
137 159
102 140
9 144
102 187
77 134
75 158
62 133
107 144
26 191
100 135
90 192
14 164
105 117
60 113
58 144
7 103
22 189
24 141
105 184
119 148
142 197
27 135
108 135
51 108
22 143
72 186
153 184
77 105
66 141
145 189
53 155
47 143
24 112
30 177
16 122
64 165
15 108
10 197
93 145
100 187
114 194
41 102
126 147
78 147
17 167
153 160
93 166
49 128
22 106
93 101
73 160
117 122
180 188
80 145
84 144
55 153
36 168
94 107
61 118
174 192
94 161
47 143
67 142
79 163
75 128
52 199
119 180
109 177
165 189
4 113
140 143
51 164
37 186
124 177
110 200
126 199
37 138
65 103
64 165
65 171
94 155
53 179
21 122
16 121
163 169
69 122
42 174
53 177
25 107
89 122
72 169
59 181
137 197
112 116
37 152
91 182
150 176
168 178
101 152
32 132
57 169
126 127
116 139
42 127
78 143
68 132
18 144
26 181
110 113
34 107
166 177
138 166
50 165
5 110
177 190
20 144
161 164
58 117
113 189
36 197
156 173
45 162
116 136
46 173
24 142
47 136
67 125
112 120
21 104
78 116
118 172
90 121
82 169
13 114
73 121
103 129
98 144
139 182
38 191
123 160
100 157
53 102
78 143
157 192
117 155
142 170
43 142
93 179
47 114
137 148
7 179
51 136
3 173
82 128
15 149
71 152
75 120
89 191
17 196
17 116
81 107
57 121
87 179
70 103
137 138
43 130
197 200
170 197
7 117
107 130
145 169
34 159
77 133
12 171
91 126
52 175
70 157
71 114
80 103
17 160
106 182
86 114
89 100
23 160
138 162
101 133
60 194
58 133
158 175
65 141
75 174
2 152
42 112
117 188
93 139
80 124
48 113
87 114
89 179
156 159
95 108
93 186
35 152
106 135
149 189
74 121
46 103
85 119
68 136
9 185
91 149
10 108
58 171
17 172
115 145
91 193
45 136
13 141
26 169
75 135
149 167
46 157
105 162
60 181
13 125
154 167
76 184
150 180
72 111
72 193
105 116
91 103
35 144
20 151
74 145
7 117
83 144
41 148
114 138
10 188
84 169
69 113
91 111
73 131
60 180
3 125
97 128
16 143
144 157
191 198
32 139
66 180
118 147
89 142
64 194
121 139
23 103
84 156
9 164
48 119
97 107
115 138
34 148
99 121
145 150
109 159
90 129
126 168
50 198
121 161
141 185
75 184
0 102
64 102
15 197
87 118
97 143
24 151
103 139
31 145
56 200
63 147
81 103
15 116
18 139
104 191
2 132
63 188
88 121
61 154
29 151
116 136
99 171
69 120
52 161
135 177
23 195
65 111
78 197
137 172
135 173
12 200
74 179
6 151
55 122
140 147
6 113
8 124
77 198
115 146
109 115
98 150
165 197
36 113
33 128
65 105
79 126
152 197
43 124
38 175
76 188
137 167
86 172
87 108
81 194
116 145
45 200
93 137
156 163
93 129
124 179
102 142
84 196
12 171
157 190
55 200
129 169
2 102
48 102
110 112
66 172
15 129
10 141
133 199
84 130
130 169
4 106
49 160
53 154
57 188
40 149
63 196
35 164
86 115
120 187
55 109
28 181
147 195
30 129
64 130
140 180
73 179
122 166
45 162
13 198
85 117
143 166
69 196
90 107
0 118
123 150
111 190
23 107
126 176
31 141
106 191
19 132
31 132
59 169
146 175
177 195
37 124
99 157
145 173
128 167
116 126
86 115
95 101
77 161
59 147
4 121
49 186
67 167
126 136
88 149
133 181
155 174
112 137
108 132
11 136
62 169
69 159
150 168
12 130
37 130
76 164
31 127
84 171
139 160
57 123
45 195
64 120
49 106
128 152
103 198
7 161
33 198
112 113
116 196
12 126
135 190
74 166
116 164
159 177
121 152
55 199
33 160
9 159
67 105
101 138
33 155
144 183
4 107
111 185
88 119
82 199
101 184
83 133
104 108
189 190
3 103
17 136
87 107
50 156
129 178
76 106
71 147
87 113
1 131
105 126
27 125
29 122
103 148
93 138
111 135
4 148
60 105
2 194
156 195
99 125
9 133
168 173
139 190
128 194
50 151
96 126
32 189
74 154
74 122
161 179
5 156
129 131
100 187
95 148
37 198
7 175
67 104
60 123
76 185
4 137
42 134
49 186
29 169
124 155
53 128
72 109
93 163
2 101
46 102
71 182
32 170
48 169
109 162
72 175
109 190
43 104
34 142
80 148
4 154
50 120
163 197
34 120
147 193
130 196
168 192
14 149
45 141
99 165
52 147
53 165
0 200
82 109
12 162
134 136
16 155
69 154
36 144
19 180
40 148
91 146
148 177
118 176
99 161
38 142
4 153
78 178
8 113
59 110
42 109
22 135
166 175
6 181
30 188
78 123
145 180
23 177
47 171
82 192
168 170
96 103
62 131
40 101
105 123
116 183
62 196
3 109
127 128
7 101
115 140
110 182
165 169
17 132
136 162
39 197
96 114
30 176
107 178
76 171
11 146
87 131
58 158
76 112
8 143
168 194
7 182
116 144
99 120
55 122
105 126
64 138
64 170
61 139
6 150
108 161
100 115
183 185
78 194
34 123
149 200
56 143
95 149
54 163
115 130
110 118
185 200
63 110
130 165
5 127
38 123
88 129
94 151
28 139
89 119
77 111
140 162
50 134
6 159
71 168
97 164
27 136
28 103
148 168
77 175
96 196
101 180
2 164
98 148
104 106
93 139
20 192
21 180
25 128
96 150
50 112
120 146
132 185
109 130
104 163
110 127
34 116
99 103
80 191
105 117
65 113
97 198
50 174
52 177
86 100
27 105
69 105
17 156
62 186
130 150
119 131
41 177
66 144
81 108
107 184
78 142
92 149
48 180
34 112
90 146
30 106
114 145
41 162
70 168
128 191
4 147
56 136
4 176
98 117
58 176
130 136
158 190
81 116
14 167
13 137
18 166
65 100
21 199
97 151
175 199
37 149
136 168
36 148
99 135
104 155
101 187
68 165
48 165
87 135
114 158
24 123
46 193
70 117
52 163
191 195
119 129
134 167
64 142
2 167
102 139
43 118
20 100
22 145
137 164
157 160
115 165
21 114
58 129
141 142
135 196
7 124
160 181
54 146
23 183
37 175
95 108
50 115
103 186
28 172
27 155
36 101
105 197
65 142
81 182
137 139
78 124
37 161
44 112
13 153
25 110
12 155
141 168
62 126
127 147
56 131
97 138
88 138
22 147
52 172
86 192
114 139
76 200
100 146
47 151
30 133
162 178
43 119
123 180
80 106
113 127
130 154
150 200
111 126
37 114
53 173
35 180
120 155
103 194
75 107
67 180
6 118
67 139
56 162
138 153
111 143
75 100
84 112
56 126
7 107
89 123
14 120
2 176
85 180
59 139
100 131
75 176
87 117
71 119
64 127
62 165
59 198
24 154
93 108
99 141
7 175
18 100
87 159
175 187
99 189
38 191
101 141
16 159
16 101
49 200
29 100
59 168
121 123
93 183
92 129
84 117
89 169
13 166
80 111
140 189
46 121
144 146
103 148
25 182
103 199
89 136
2 142
106 126
78 107
70 149
125 134
25 177
137 173
29 173
46 141
10 122
28 127
106 166
68 108
70 123
114 121
189 192
101 120
78 137
57 127
92 111
47 133
76 177
67 200
133 197
177 179
44 108
87 105
51 119
50 159
57 138
117 138
32 198
30 113
67 170
8 119
111 188
33 141
120 145
100 140
39 103
152 167
63 108
47 164
95 157
100 142
133 164
32 138
165 175
86 115
6 101
60 136
50 100
112 118
133 164
27 148
73 105
50 114
63 161
58 104
144 184
17 197
16 187
26 149
46 141
169 171
145 200
83 153
21 106
121 154
119 141
130 178
60 197
39 122
100 140
58 106
122 148
60 125
29 144
21 140
49 105
59 123
104 133
19 153
75 176
63 164
80 101
9 189
29 164
78 130
7 117
139 187
146 176
62 127
120 199
107 114
95 131
62 151
162 167
121 167
70 102
117 174
155 189
64 116
121 128
163 194
92 180
29 139
99 146
20 118
131 195
100 122
134 146
56 117
120 181
37 163
127 189
103 114
29 155
180 196
121 187
78 151
177 188
57 108
5 148
61 102
160 190
105 161
86 111
107 116
93 177
17 147
62 157
132 163
85 170
11 159
3 146
123 189
68 148
39 113
84 184
101 109
24 122
8 160
59 152
60 122
63 106
134 157
40 110
138 170
10 181
57 149
168 198
87 161
12 172
130 170
86 140
76 141
99 132
47 193
68 140
169 172
70 122
140 159
38 148
96 192
126 150
61 108
111 117
92 109
147 169
41 196
94 153
123 124
51 180
43 136
75 102
42 121
86 147
18 174
11 171
4 119
43 154
96 156
9 105
73 104
2 100
22 119
22 167
77 169
41 117
165 186
129 192
73 165
27 137
38 182
114 128
15 138
92 121
106 128
57 115
141 155
43 172
91 101
87 188
10 196
160 161
4 129
36 200
151 159
162 164
117 139
61 131
33 180
68 138
3 145
144 157
13 127
11 104
16 191
74 169
45 178
118 146
27 101
131 148
55 115
176 182
36 185
78 146
14 185
7 114
108 117
50 191
107 184
76 160
52 130
134 182
1 115
48 188
98 128
165 184
129 195
21 191
156 158
154 174
51 180
27 192
35 135
123 162
29 155
7 104
160 164
113 190
105 151
76 149
24 196
74 112
166 171
36 179
128 140
114 149
44 104
29 153
71 160
124 128
64 196
139 193
91 188
100 117
134 159
15 123
105 167
136 147
4 124
112 200
80 103
19 125
75 148
22 125
67 177
115 191
77 114
109 128
97 147
38 140
100 108
102 124
176 189
80 118
2 183
74 185
44 147
63 118
4 171
6 121
12 112
90 114
131 145
0 170
140 197
109 173
15 126
94 110
75 155
84 105
40 184
118 199
26 192
64 194
61 178
83 118
131 142
118 126
1 103
84 122
99 187
2 190
101 111
26 136
14 119
91 161
110 114
28 103
80 138
42 150
40 162
67 134
81 168
33 137
128 141
96 100
26 137
18 200
66 174
0 127
24 134
105 155
181 184
93 114
40 126
41 112
61 172
68 168
45 149
165 169
157 190
18 149
41 104
7 119
19 160
92 144
123 133
55 186
26 199
49 178
66 105
25 119
43 188
82 116
94 102
63 169
29 139
29 132
55 143
4 106
138 174
138 147
90 187
74 164
161 169
64 138
93 150
91 159
28 153
105 149
18 165
9 106
97 200
58 180
120 187
48 159
100 180
31 113
106 154
73 108
126 160
28 191
107 166
102 164
101 108
111 129
53 113
94 155
157 164
25 140
111 159
105 199
2 134
92 115
25 178
144 180
97 166
25 195
20 173
14 113
40 122
19 116
83 117
73 110
8 164
92 114
20 139
86 125
71 170
9 127
113 151
42 119
173 196
172 200
19 107
78 171
8 115
77 163
49 152
76 109
121 183
43 173
83 188
95 167
100 105
18 119
76 115
7 100
172 191
127 136
78 179
196 197
102 160
86 183
48 110
126 147
21 195
97 186
123 195
50 144
90 174
51 151
61 100
23 114
18 110
112 123
31 129
76 116
54 164
8 181
126 178
89 122
0 106
97 193
59 158
175 182
4 114
105 183
15 171
39 136
25 152
73 164
159 198
135 145
71 196
43 197
55 191
74 191
127 146
48 165
17 146
29 133
65 110
7 121
34 100
74 190
85 145
57 161
58 107
38 127
36 135
178 195
68 144
20 137
48 121
128 135
120 126
4 103
124 193
91 119
142 195
69 196
10 105
131 199
30 200
87 132
155 194
40 181
44 144
25 158
32 103
104 184
8 144
58 178
68 126
20 100
111 144
14 153
114 166
79 197
45 189
75 171
23 125
111 126
6 100
7 107
120 168
64 165
104 165
135 153
128 158
37 148
97 184
111 131
91 171
57 128
15 186
35 125
46 141
50 121
92 107
20 167
51 134
40 117
97 176
24 198
12 179
46 146
35 124
115 168
78 141
103 129
131 133
88 172
64 119
145 165
5 195
46 125
155 190
3 155
154 174
36 106
11 190
104 158
102 148
23 108
10 141
102 123
66 158
109 156
93 114
0 187
7 162
48 118
121 190
42 131
56 181
69 106
55 106
50 147
104 121
65 117
91 114
87 101
13 198
174 184
101 162
12 111
22 159
96 166
43 199
120 127
44 154
102 116
132 167
40 109
147 162
52 133
179 185
135 197
115 197
184 199
52 183
63 174
62 112
98 111
85 140
70 143
102 146
110 161
155 190
166 180
49 157
37 160
23 198
17 108
51 195
61 186
41 187
29 189
175 193
146 192
73 134
62 111
141 170
8 126
104 155
132 149
96 178
30 172
100 162
119 182
59 154
87 120
132 166
19 139
148 170
20 105
18 128
163 185
159 170
28 100
36 143
143 157
94 133
89 182
13 124
117 176
47 185
11 175
40 100
68 138
91 137
20 182
133 153
